2 2 6.3505000071018e-05
3 2 0.6046328410011483
4 2 0.7273351530002401
5 2 0.44203479700081516
7 2 0.6393018490016402
8 2 0.602481750998777
9 2 0.9105403400008072
11 2 2.48946246199921
13 2 6.985971351999979
16 2 7.679080771000372
3 3 5.212800169829279e-05
4 3 6.47569995635422e-05
5 3 0.3564463849997992
7 3 1.0176082340003632
8 3 2.0358630740010994
9 3 3.4821921689999726
11 3 9.945401319000666
13 3 25.40090397900167
16 3 105.78809543199895
4 4 0.00039564100006828085
5 4 0.0008711720001883805
7 4 7.060601148001297
8 4 23.834002898000108
9 4 48.2951707379998
11 4 159.2193950029996
13 4 451.44792632400095
16 4 1501.2504040050007
5 5 0.0030147830002533738
7 5 0.018056606000754982
8 5 0.03909415300040564
9 5 414.1941018329999
11 5 1730.7028380780012
13 5 6363.404714957
